12,4,1,0,-2,-4,-8,-2,0,-7,-7,-3,0,-3,-10,-14,-16,-14,-12,-14,-18,-19,-14,-15,-10,-7,-12,-10,-8,-8,-7,-8,-11,-10,-9,-11,-7,-6,-6,-7,6,-5,-2,3,2,-8,-4,1,0,-4,-7,-4,-6,-3,-4,-8,-13,-14,-13,-14,-18,-15,-14,-14,-11,-11,-14,-12,-9,-7,-9,-7,-8,-12,-8,-9,-10,-8,-6,-7,-5,-2,6,8,2,-9,-11,-7,-5,-10,-7,0,0,-3,-8,-11,-14,-12,-14,-17,-19,-16,-15,-16,-14,-12,-14,-9,-9,-9,-11,-10,-10,-10,-7,-12,-9,-9,-8,-7,8,2,-3,-1,0,0,-4,-1,-1,-4,-7,-6,-3,-7,-10,-14,-17,-6,-10,-13,-16,-14,-14,-14,-7,-10,-12,-11,-10,-9,-9,-9,-9,-11,-8,-9,-7,-6,-6,-7,12,0,-3,-9,0,-7,-6,-1,-10,-7,-8,-13,-13,-12,-3,-7,-12,-7,-5,-5,-10,-20,-16,-10,-11,-11,-14,-9,-10,-11,-9,-12,-10,-8,-9,-9,-8,-7,-7,-7,-1,2,2,0,0,-6,-10,0,-2,-14,-8,-9,0,-4,0,-8,-13,-10,-6,-4,-9,-14,-16,-11,-7,-9,-12,-12,-9,-12,-11,-8,-11,-7,-8,-8,-7,-8,-9,-8,-1,-5,-2,-7,-2,0,-8,-3,0,0,-2,-3,1,-1,-6,-8,-9,-6,-3,-4,-8,-14,-16,-8,-6,-8,-12,-7,-7,-12,-10,-8,-10,-6,-5,-5,-8,-6,-10,-6,13,12,7,9,6,9,5,3,-9,-3,2,0,-1,-7,-9,-9,-3,-2,-5,-8,-5,-7,-6,-7,-7,-9,-6,-11,-6,-5,-5,-7,-5,-5,-4,-5,-8,-6,-6,-5,19,14,10,12,8,5,7,6,7,-3,1,4,3,-3,-5,0,-1,2,-3,-4,-1,-6,-1,-3,2,-1,-1,-1,4,1,1,4,0,-7,-4,-3,-4,0,-1,-2,16,11,13,10,9,14,10,-2,6,10,7,3,0,-4,1,-2,-5,-1,-2,-2,-2,-8,-7,-4,0,-2,0,-3,0,-3,-5,-2,-4,-6,-4,-4,-6,-6,-5,-4,21,17,4,3,7,15,8,3,7,1,5,0,3,-3,0,-3,-1,-1,-5,-2,-3,-5,-3,-5,-2,0,0,-5,-4,-2,-7,-1,-2,-3,-9,-7,-8,-9,-9,-6,22,18,11,4,8,13,11,4,-2,-5,4,3,1,-1,1,-2,-6,-5,-10,-8,-1,-8,-4,-3,-5,-3,-1,-4,-8,-5,-5,-6,-8,-6,-4,-7,-8,-5,-7,-9,17,9,6,7,5,9,5,10,6,6,4,2,0,-6,-2,-6,-6,-4,0,-9,-6,-2,-11,-4,-3,-5,-1,-4,-7,-9,-8,-4,-8,-4,0,-7,-7,-5,-4,-5,12,13,13,5,2,6,9,12,6,3,3,-3,-2,-2,-1,-3,-6,-3,-8,-10,-5,-5,-8,-14,-9,-5,-4,-6,-5,-4,-7,-5,-3,-3,-3,0,8,9,-7,-6,12,12,3,-5,3,11,5,6,4,1,3,3,-1,-3,-5,-3,-6,-5,-8,-10,-9,-8,-3,-6,-7,-11,-6,-9,-8,-7,-9,0,0,-1,0,8,10,13,-1,-9,24,21,16,12,4,6,6,8,6,-1,8,8,-5,-7,-5,0,-1,4,1,-8,-6,-12,-13,-13,-3,-5,-3,-6,-7,-8,-6,-5,-3,-1,-1,4,12,12,-3,-7,20,-4,14,7,0,-1,0,1,-4,0,6,8,-1,-4,-7,0,-5,1,0,-7,-12,-14,-12,-7,-3,-3,-2,-9,-6,-9,-7,-4,-9,-1,-2,1,6,9,-2,-7,22,17,14,6,-4,5,0,4,1,6,6,11,5,-13,-4,1,-4,6,2,-9,-11,-8,-9,-8,-6,-5,-3,-6,-9,-7,-5,-7,-6,-4,-1,0,4,4,-3,-7,18,18,11,1,-4,3,1,1,0,-7,1,2,-4,-7,-10,-10,-6,1,0,-9,-14,-12,-7,-6,-7,-5,-1,-6,-6,-6,-6,-5,-7,-7,-6,0,3,2,-5,-7,18,1,12,3,-5,0,1,0,-5,-7,-1,-2,0,-1,1,-8,-8,-2,-2,-8,-14,-11,-13,-11,-8,-9,-5,-10,-7,-8,-8,-10,-9,-7,-8,-5,2,0,-8,-7,3,11,12,2,4,7,1,1,-4,-7,-4,0,-3,-2,0,-3,-6,-2,-6,-15,-21,-12,-12,-16,-10,-8,-7,-14,-12,-13,-7,-7,-9,-7,-5,-6,-1,-2,-7,-9,15,6,4,9,4,2,2,0,0,-1,0,0,-4,-7,-4,-2,-6,-6,-7,-12,-10,-12,-12,-8,-8,-8,-13,-13,-13,-14,-13,-10,-11,-10,-11,-7,-3,-5,-7,-8,4,5,7,-1,3,6,4,-3,-2,1,3,-3,-5,-1,0,-4,-6,-2,-1,-12,-15,-10,-16,-13,-10,-13,-12,-11,-9,-12,-11,-8,-9,-8,-9,-9,-8,-7,-7,-5,9,4,14,8,4,0,-2,-1,-3,1,-3,-7,-6,-6,-4,-6,-9,-5,-6,-15,-16,-16,-13,-13,-9,-12,-11,-12,-12,-10,-13,-10,-8,-10,-7,-7,-5,-6,-7,-6,5,5,7,3,1,1,-1,0,0,1,-2,-3,-8,-2,-3,-7,-8,-3,-7,-15,-15,-13,-9,-12,-9,-13,-13,-9,-10,-13,-11,-8,-7,-9,-8,-7,-8,-7,-9,-8,14,13,4,4,-6,-2,0,4,-1,-3,0,-4,-7,-4,-2,-12,-8,-13,-15,-17,-17,-15,-14,-12,-11,-11,-10,-8,-12,-11,-10,-10,-10,-10,-9,-12,-10,-8,-8,-9,11,11,5,2,-1,1,-7,-7,-3,-4,-5,-3,-2,-6,-2,-12,-12,-13,-16,-17,-13,-14,-10,-16,-14,-13,-12,-12,-14,-15,-15,-9,-7,-8,-9,-10,-10,-10,-9,-10,16,13,2,-5,-8,-3,-3,-7,-7,-4,-3,-8,-14,-9,-8,-13,-10,-7,-15,-14,-16,-16,-15,-15,-17,-15,-14,-16,-17,-11,-12,-11,-12,-10,-10,-10,-8,-7,-7,-7,20,11,12,3,-2,-15,-5,-8,-14,-12,-2,-3,-9,-5,-8,-11,-15,-15,-9,-14,-16,-15,-17,-19,-17,-16,-14,-14,-12,-10,-11,-8,-11,-12,-10,-11,-9,-10,-8,-6,17,16,9,-7,-9,-6,-6,-7,-17,-7,-8,-10,-10,-13,-15,-12,-13,-16,-14,-17,-20,-18,-17,-14,-18,-17,-18,-14,-11,-14,-13,-12,-10,-9,-9,-9,-9,-8,-8,-7,11,4,4,-8,-3,-2,-10,-5,-10,-11,-11,-10,-9,-10,-11,-11,-14,-9,-13,-18,-21,-19,-15,-15,-12,-13,-15,-13,-14,-12,-13,-10,-10,-14,-12,-13,-11,-9,-8,-8,4,0,4,-5,-10,-5,-7,-10,-17,-18,-12,-8,-14,-12,-9,-10,-17,-11,-13,-19,-22,-18,-18,-17,-16,-17,-18,-17,-14,-15,-10,-13,-11,-11,-12,-10,-9,-6,-8,-9,3,-7,-7,-5,-17,-8,-1,-10,-17,-6,-6,-11,-9,-21,-12,-16,-11,-17,-18,-19,-20,-21,-23,-18,-17,-14,-16,-13,-13,-15,-11,-12,-11,-10,-12,-10,-11,-8,-7,-6,11,9,1,-8,-5,-9,-10,-11,-12,-16,-10,-15,-16,-16,-11,-12,-16,-14,-15,-19,-15,-20,-20,-17,-20,-22,-19,-15,-16,-16,-14,-11,-10,-11,-10,-9,-10,-8,-9,-10,9,8,1,-8,-24,-20,-9,-11,-15,-11,-5,-6,-13,-11,-6,-10,-10,-17,-18,-20,-22,-18,-17,-19,-15,-15,-17,-13,-14,-13,-10,-11,-11,-9,-8,-9,-11,-9,-8,-7,11,8,-1,-8,-18,-9,-9,-14,-10,-25,-17,-6,-9,-12,-16,-16,-13,-11,-13,-24,-16,-21,-19,-16,-16,-13,-18,-16,-14,-12,-15,-13,-13,-12,-9,-7,-8,-7,-6,-8,14,7,-3,-13,-8,-9,-12,-15,-9,-11,-9,-12,-14,-18,-9,-10,-14,-13,-13,-22,-17,-18,-17,-20,-16,-17,-17,-14,-17,-15,-14,-11,-9,-9,-8,-9,-10,-9,-10,-7,7,-1,-3,-8,-15,-19,-10,-12,-13,-14,-9,-7,-14,-7,-5,-11,-16,-13,-18,-19,-21,-17,-14,-14,-16,-17,-16,-13,-16,-12,-8,-2,-9,-8,-9,-9,-10,-10,-10,-6,3,-15,-13,-15,-13,-15,-10,-10,-7,-9,-6,-14,-9,-12,-6,-12,-13,-10,-13,-14,-19,-22,-19,-13,-15,-17,-14,-14,-17,-15,-10,-9,-9,-10,-10,-11,-11,-10,-6,-6,5,-4,-10,-9,-7,-6,-14,-15,-10,-13,-11,-12,-22,-13,-10,-12,-19,-15,-15,-18,-17,-15,-14,-14,-18,-18,-16,-14,-14,-13,-8,-10,-11,-12,-10,-10,-9,-7,-10,-7,0,0,-7,-8,-10,-12,-8,-11,-9,-12,-7,-11,-14,-15,-13,-14,-16,-15,-17,-21,-21,-15,-17,-20,-17,-11,-16,-18,-16,-13,-11,-11,-12,-10,-7,-8,-9,-8,-9,-8,-5,-9,-2,-10,-24,-11,-9,-15,-14,-15,-13,-10,-13,-13,-16,-20,-19,-16,-17,-20,-17,-18,-20,-20,-19,-20,-15,-15,-13,-13,-13,-10,-12,-12,-10,-12,-9,-9,-9,-11,-3,0,-2,-4,-11,-9,-11,-18,-14,-16,-13,-12,-12,-15,-15,-17,-14,-13,-17,-17,-23,-23,-17,-17,-17,-13,-15,-13,-10,-13,-12,-16,-14,-12,-10,-12,-11,-7,-6,-7,11,2,-7,-12,-14,-10,-12,-11,-13,-9,-9,-15,-17,-23,-15,-17,-18,-19,-19,-24,-22,-27,-21,-20,-15,-13,-16,-17,-14,-13,-12,-11,-10,-12,-10,-9,-8,-7,-7,-7,2,-6,-10,-12,-9,-10,-10,-17,-13,-12,-12,-13,-16,-21,-15,-17,-17,-16,-18,-26,-24,-19,-15,-15,-16,-16,-15,-16,-11,-12,-15,-10,-11,-9,-10,-9,-10,-9,-6,-6,3,-3,-4,-11,-24,-16,-19,-18,-14,-11,-9,-9,-16,-22,-17,-19,-19,-15,-16,-21,-19,-18,-18,-18,-17,-16,-16,-16,-11,-14,-12,-11,-12,-12,-9,-9,-9,-8,-8,-7,0,-1,-8,-8,-10,-13,-19,-21,-19,-7,-8,-15,-18,-21,-15,-12,-14,-11,-12,-19,-22,-20,-17,-19,-21,-12,-15,-19,-18,-14,-12,-9,-11,-14,-9,-8,-9,-9,-8,-10,2,4,-2,-9,-12,-17,-13,-15,-13,-16,-18,-14,-13,-16,-12,-17,-19,-16,-15,-24,-19,-19,-18,-15,-17,-14,-16,-11,-17,-15,-14,-14,-13,-14,-10,-9,-7,-7,-7,-7,7,-3,-8,-11,-16,-15,-14,-16,-14,-19,-17,-11,-14,-18,-17,-20,-22,-18,-18,-20,-18,-19,-16,-18,-18,-15,-15,-17,-12,-13,-12,-13,-13,-10,-11,-12,-9,-7,-7,-7,0,-8,-9,-14,-20,-22,-22,-17,-17,-16,-15,-15,-24,-17,-10,-17,-14,-13,-16,-21,-20,-25,-23,-22,-15,-17,-12,-13,-11,-14,-12,-13,-10,-10,-9,-8,-12,-7,-6,-8,-1,0,-9,-9,-24,-20,-13,-19,-19,-17,-12,-9,-15,-18,-16,-19,-16,-12,-16,-19,-19,-20,-20,-17,-17,-18,-13,-15,-14,-13,-11,-12,-11,-8,-10,-8,-10,-8,-9,-8,2,0,-14,-16,-15,-14,-30,-22,-12,-13,-14,-9,-15,-16,-12,-14,-14,-18,-14,-21,-24,-21,-22,-20,-19,-14,-12,-18,-13,-12,-8,-10,-10,-10,-12,-13,-11,-8,-10,-8,4,-3,-10,-20,-15,-18,-20,-26,-20,-17,-14,-18,-13,-10,-12,-16,-15,-14,-21,-24,-24,-28,-19,-16,-18,-15,-12,-13,-16,-10,-9,-10,-11,-11,-9,-10,-10,-7,-6,-7,4,0,-4,-15,-21,-18,-14,-8,-8,-10,-9,-11,-17,-16,-12,-16,-19,-14,-18,-16,-21,-19,-20,-20,-21,-14,-15,-13,-11,-11,-11,-11,-8,-11,-10,-10,-9,-8,-7,-7,5,-3,-8,-14,-20,-21,-17,-17,-13,-13,-10,-13,-18,-18,-17,-19,-14,-14,-17,-19,-19,-20,-19,-14,-12,-19,-12,-15,-16,-17,-12,-13,-11,-9,-8,-10,-10,-8,-8,-8,1,-8,-14,-18,-20,-16,-12,-14,-16,-14,-14,-14,-19,-17,-14,-15,-18,-13,-15,-20,-21,-17,-19,-17,-20,-16,-15,-15,-15,-11,-13,-12,-8,-11,-9,-10,-9,-11,-8,-8,-4,-10,-19,-14,-21,-19,-10,-12,-10,-17,-15,-15,-22,-16,-9,-13,-14,-13,-10,-22,-20,-19,-19,-17,-19,-17,-18,-17,-18,-15,-12,-15,-12,-8,-10,-10,-9,-9,-8,-10,-5,-19,-7,-15,-15,-16,-15,-17,-11,-14,-14,-18,-18,-20,-14,-15,-16,-11,-14,-18,-22,-21,-22,-15,-18,-15,-18,-14,-12,-15,-12,-9,-10,-14,-9,-9,-7,-9,-9,-7,0,-8,-9,-14,-22,-23,-19,-18,-11,-12,-16,-17,-23,-29,-18,-16,-19,-15,-17,-24,-21,-18,-16,-16,-11,-12,-19,-17,-18,-16,-13,-10,-10,-10,-12,-10,-9,-11,-8,-10,-2,-11,-15,-17,-22,-15,-14,-16,-13,-9,-12,-15,-16,-16,-16,-17,-19,-17,-14,-17,-17,-19,-18,-20,-13,-14,-15,-19,-20,-13,-13,-15,-13,-11,-12,-9,-10,-11,-8,-9,0,-4,-8,-17,-16,-13,-17,-15,-20,-23,-21,-15,-22,-18,-14,-17,-20,-15,-17,-16,-17,-21,-21,-17,-15,-16,-16,-17,-14,-11,-10,-8,-7,-9,-9,-8,-7,-7,-7,-7,0,-20,-2,-1,-6,8,7,-5,-18,-4,2,0,-9,-14,-11,-11,-16,-8,-9,-13,-12,-12,-12,-18,-19,-14,-12,-14,-12,-13,-13,-12,-9,-9,-9,-9,-8,-7,-7,-10,-11,-3,2,1,9,13,7,0,-1,-9,-3,-2,-5,-6,0,-4,-5,-5,-7,-6,-8,-14,-14,-15,-12,-14,-16,-15,-14,-13,-9,-9,-8,-8,-8,-7,-7,-6,-8,-6,-2,-15,-5,-3,2,10,7,-8,-14,-12,-4,-7,-7,-12,-12,-18,-12,-6,-6,-12,-10,-17,-17,-15,-13,-12,-10,-14,-11,-10,-12,-8,-10,-7,-6,-8,-7,-5,-4,-7,3,-9,-4,-3,1,4,2,-4,-6,-8,-10,-6,-10,-12,-14,-15,-17,-12,-8,-15,-17,-14,-14,-19,-20,-17,-16,-16,-13,-13,-11,-8,-5,-8,-6,-6,-8,-6,-6,-6,11,-1,-8,-2,-5,-10,-4,-7,-8,-13,-10,-13,-13,-17,-9,-12,-19,-15,-9,-12,-19,-17,-15,-13,-15,-13,-16,-12,-10,-13,-11,-5,-7,-8,-7,-6,-7,-8,-5,-5,5,-13,-5,-5,-6,-9,-15,-13,-11,-16,-18,-10,-13,-16,-14,-11,-14,-12,-9,-14,-23,-21,-18,-15,-12,-16,-17,-15,-12,-11,-11,-9,-10,-9,-8,-10,-6,-6,-8,-8,6,0,-7,-4,-8,-6,-8,-17,-12,-7,-11,-11,-16,-7,-9,-20,-21,-12,-17,-17,-18,-20,-23,-18,-14,-11,-11,-14,-14,-11,-11,-8,-6,-6,-5,-7,-5,-4,-7,-4,10,-9,-7,-11,-14,-13,-14,-16,-9,-7,-12,-12,-13,-12,-14,-12,-18,-13,-13,-15,-20,-25,-18,-18,-17,-14,-15,-13,-10,-12,-10,-7,-6,-7,-8,-7,-5,-5,-3,-5,-2,-2,-13,-13,-19,-16,-13,-17,-19,-23,-14,-12,-13,-19,-16,-11,-18,-15,-12,-15,-17,-16,-19,-12,-14,-12,-12,-15,-10,-9,-9,-9,-6,-6,-5,-9,-7,-4,-6,-7,-4,-13,-2,-8,-13,-8,-9,-17,-18,-16,-17,-12,-22,-18,-17,-16,-17,-10,-15,-18,-18,-19,-16,-10,-13,-14,-11,-12,-11,-8,-9,-6,-7,-5,-9,-6,-4,-2,-4,-6,-1,-2,-13,-10,-16,-16,-11,-15,-9,-10,-16,-9,-12,-18,-15,-14,-16,-11,-19,-23,-22,-21,-17,-14,-15,-14,-13,-10,-10,-10,-14,-11,-8,-5,-6,-6,-5,-3,-5,-7,4,-1,-7,-6,-12,-5,-12,-11,-12,-22,-11,-13,-20,-18,-15,-16,-15,-12,-13,-17,-16,-19,-17,-16,-14,-17,-16,-12,-16,-12,-10,-9,-8,-7,-4,-5,-7,-7,-6,-9,4,-4,-9,-12,-14,-9,-11,-17,-15,-10,-11,-13,-20,-14,-11,-14,-14,-10,-15,-19,-18,-20,-15,-17,-15,-17,-14,-12,-13,-11,-8,-5,-8,-9,-7,-5,-7,-5,-5,-6,-18,-5,-11,-11,-10,-11,-13,-13,-16,-17,-13,-11,-16,-17,-16,-17,-21,-17,-17,-20,-20,-19,-14,-16,-16,-16,-13,-13,-10,-10,-7,-8,-5,-5,-7,-7,-6,-3,-3,-7,2,-5,-15,-8,-13,-17,-18,-16,-21,-14,-16,-13,-13,-11,-14,-25,-19,-15,-15,-23,-23,-16,-14,-17,-16,-16,-16,-13,-11,-12,-9,-8,-6,-8,-11,-6,-8,-8,-5,-8,2,-35,-17,-15,-24,-19,-22,-29,-12,-11,-20,-12,-14,-23,-13,-12,-18,-13,-14,-18,-21,-21,-17,-17,-17,-20,-19,-13,-10,-10,-7,-8,-6,-8,-11,-9,-7,-8,-5,-6,-8,-10,-12,-10,-16,-19,-19,-19,-7,-3,-17,-11,-11,-17,-12,-16,-18,-8,-14,-15,-17,-18,-15,-16,-19,-17,-17,-14,-14,-14,-12,-7,-12,-6,-7,-6,-4,-5,-5,-4,-6,-11,-4,-14,-17,-18,-15,-19,-14,-10,-14,-9,-14,-12,-10,-15,-17,-16,-15,-17,-20,-16,-13,-15,-19,-17,-15,-11,-10,-10,-10,-8,-9,-6,-5,-7,-5,-5,-4,-3,-5,-15,-11,-18,-19,-17,-23,-29,-8,-3,-12,-11,-9,-12,-12,-12,-15,-13,-16,-23,-18,-15,-19,-17,-15,-14,-18,-15,-14,-14,-11,-11,-10,-4,-6,-8,-8,-5,-5,-6,-1,-13,-13,-17,-15,-18,-22,-20,-13,-4,-9,-10,-6,-11,-13,-17,-17,-15,-16,-14,-18,-17,-18,-17,-16,-16,-14,-18,-12,-12,-12,-7,-13,-8,-7,-9,-5,-4,-6,-7,-6,-9,-5,-13,-11,-10,-12,-21,-14,-7,-10,-9,-1,-5,-15,-12,-13,-13,-10,-18,-19,-17,-21,-20,-19,-15,-13,-14,-15,-12,-12,-9,-11,-10,-10,-9,-7,-7,-7,-7,-10,-5,-4,-13,-18,-15,-15,-17,-13,-5,-13,-13,1,-3,-20,-19,-20,-13,-17,-17,-20,-19,-15,-17,-17,-16,-14,-15,-15,-17,-14,-10,-8,-7,-9,-9,-9,-6,-7,-6,-12,-6,-13,-17,-18,-17,-14,-14,-13,-6,-11,-12,0,0,-15,-17,-16,-14,-15,-19,-19,-15,-18,-16,-14,-17,-17,-13,-15,-14,-13,-9,-10,-8,-8,-10,-10,-9,-6,-7,-1,-4,-11,-18,-25,-19,-12,-15,-8,-6,-14,-11,3,0,-8,-14,-13,-14,-15,-19,-21,-19,-19,-18,-15,-15,-13,-14,-9,-9,-16,-10,-6,-8,-6,-7,-6,-6,-7,-8,4,-2,-10,-15,-18,-22,-18,-20,-10,-6,-22,-18,4,2,-6,-12,-21,-12,-12,-15,-18,-19,-22,-17,-14,-15,-14,-12,-12,-13,-11,-11,-9,-6,-7,-7,-8,-5,-8,-6,-2,-15,-16,-14,-19,-22,-17,-17,-14,-11,-11,-14,4,2,-15,-16,-20,-11,-13,-18,-23,-18,-19,-17,-15,-14,-14,-12,-13,-12,-11,-12,-11,-8,-10,-8,-8,-9,-8,-9,2,-5,-7,-14,-19,-19,-23,-19,-6,-7,-5,-6,4,1,-12,-16,-21,-18,-16,-18,-17,-19,-17,-19,-18,-17,-16,-12,-12,-14,-13,-10,-9,-8,-10,-11,-8,-7,-8,-9,3,-2,-5,-18,-24,-26,-20,-17,-11,-4,-9,-10,3,2,-16,-13,-15,-15,-15,-17,-17,-19,-15,-15,-13,-19,-17,-12,-14,-13,-9,-11,-10,-11,-10,-10,-8,-11,-11,-9,0,-6,-12,-16,-21,-18,-24,-17,-8,-3,-11,-8,5,3,-11,-12,-16,-14,-18,-18,-22,-27,-23,-18,-14,-17,-16,-16,-13,-15,-13,-14,-10,-8,-8,-7,-11,-12,-9,-8,-6,-8,-14,-25,-20,-19,-23,-16,-9,-3,-5,-6,5,2,-11,-17,-16,-14,-20,-18,-23,-22,-21,-18,-17,-14,-16,-15,-15,-13,-12,-13,-12,-11,-11,-9,-9,-8,-10,-9,-1,-7,-8,-14,-22,-21,-16,-18,-13,-5,-3,-10,4,1,-12,-17,-18,-11,-14,-20,-20,-15,-18,-18,-14,-15,-14,-15,-13,-13,-14,-12,-11,-10,-7,-11,-10,-10,-8,-6,-1,-20,-21,-17,-20,-17,-14,-18,-13,-10,-8,-14,4,3,-8,-15,-25,-17,-18,-23,-25,-23,-19,-17,-18,-17,-17,-15,-11,-14,-13,-12,-11,-9,-9,-11,-10,-7,-6,-5,-4,-5,-9,-17,-23,-18,-14,-10,-10,-16,-5,-6,5,2,-9,-17,-19,-14,-14,-16,-15,-15,-16,-14,-16,-15,-17,-18,-17,-19,-13,-11,-11,-10,-10,-8,-8,-7,-10,-9,-3,-3,-11,-19,-21,-21,-15,-20,-10,-11,-2,-8,3,2,-12,-16,-16,-12,-17,-24,-27,-23,-20,-20,-15,-16,-17,-18,-18,-15,-12,-11,-11,-12,-12,-12,-8,-9,-8,-5,3,-5,-10,-15,-18,-23,-15,-16,-12,-6,0,-7,2,0,-12,-17,-20,-13,-17,-18,-14,-14,-18,-18,-15,-19,-16,-15,-11,-13,-15,-11,-9,-10,-10,-9,-8,-8,-7,-6,1,-5,-9,-18,-17,-18,-15,-12,-7,-6,3,-4,-3,-6,-11,-16,-22,-15,-22,-22,-18,-23,-18,-15,-16,-15,-18,-17,-14,-15,-12,-14,-11,-11,-12,-9,-10,-9,-8,-8,-7,-8,-11,-17,-23,-17,-16,-19,-8,-8,-2,-6,-4,-4,-10,-13,-15,-19,-20,-22,-24,-21,-20,-20,-20,-19,-16,-15,-14,-14,-16,-15,-12,-9,-8,-13,-12,-6,-7,-8,0,-8,-8,-12,-14,-16,-11,-10,-7,-5,-4,-9,-9,-11,-11,-10,-13,-15,-16,-20,-25,-23,-22,-22,-17,-13,-16,-17,-13,-16,-13,-11,-12,-13,-11,-7,-8,-9,-10,-7,-1,-7,-8,-13,-20,-18,-13,-18,-15,-7,-5,-9,-5,-6,-9,-14,-16,-16,-20,-19,-15,-21,-18,-17,-20,-15,-14,-14,-17,-14,-11,-13,-12,-8,-9,-10,-9,-9,-11,-7,-7,-11,-17,-18,-22,-17,-15,-14,-16,-11,0,-9,-8,-8,-11,-15,-14,-13,-11,-15,-20,-20,-18,-15,-16,-14,-10,-13,-13,-13,-13,-14,-11,-7,-9,-10,-12,-9,-7,-8,-8,-11,-9,-21,-24,-16,-17,-17,-7,-4,1,-8,-10,-9,-10,-11,-15,-19,-18,-18,-18,-25,-23,-17,-12,-13,-11,-13,-15,-11,-14,-11,-10,-9,-8,-8,-11,-9,-7,-8,4,-16,-14,-16,-15,-18,-21,-19,-14,-12,0,-9,-9,-12,-11,-13,-15,-13,-14,-24,-22,-21,-19,-15,-17,-20,-16,-13,-11,-14,-15,-10,-11,-13,-10,-12,-9,-7,-7,-9,-9,-6,-12,-23,-29,-28,-18,-11,-10,-6,-3,-8,-9,-7,-6,-10,-12,-12,-17,-22,-20,-18,-17,-15,-15,-16,-16,-15,-16,-11,-11,-10,-8,-8,-8,-9,-9,-6,-7,-8,-3,-13,-11,-14,-17,-20,-17,-12,-10,-4,1,-12,-14,-11,-6,-16,-14,-13,-18,-21,-14,-17,-18,-15,-15,-15,-17,-19,-17,-20,-14,-9,-11,-12,-11,-11,-10,-10,-9,-8,-5,-17,-15,-20,-22,-25,-20,-18,-13,-5,3,-3,-12,-18,-5,-10,-17,-18,-21,-20,-20,-19,-19,-20,-20,-13,-15,-16,-13,-14,-12,-9,-8,-9,-11,-11,-13,-12,-7,-7,-6,-10,-18,-17,-23,-23,-18,-15,-9,-2,-4,-10,-14,-15,-11,-16,-14,-13,-19,-22,-17,-18,-20,-21,-13,-12,-13,-18,-15,-13,-12,-10,-10,-10,-8,-9,-12,-11,-8,-7,-2,-9,-20,-21,-22,-22,-20,-15,-8,-4,-14,-10,-6,-11,-5,-10,-14,-18,-20,-17,-22,-17,-13,-16,-16,-17,-17,-13,-15,-17,-15,-11,-11,-11,-10,-11,-8,-7,-8,-10,-1,-9,-12,-18,-20,-20,-16,-11,-6,-5,-11,-13,-5,-8,-11,-14,-15,-17,-17,-19,-17,-18,-19,-19,-17,-15,-15,-14,-14,-13,-15,-11,-14,-15,-10,-11,-9,-8,-8,-9,-10,-22,-11,-17,-23,-17,-17,-13,-7,-4,-13,-11,-8,-13,-9,-13,-19,-17,-21,-23,-19,-16,-19,-22,-19,-17,-13,-16,-11,-15,-17,-13,-11,-14,-12,-8,-8,-8,-10,-8,-7,-11,-12,-15,-21,-20,-20,-17,-11,-7,-1,-8,-8,-5,-8,-16,-17,-15,-18,-16,-15,-20,-25,-19,-20,-17,-18,-16,-15,-10,-13,-14,-11,-12,-8,-9,-9,-8,-8,-7,-6,-10,-11,-15,-23,-25,-18,-14,-7,-3,-3,-11,-10,-6,-12,-20,-17,-18,-17,-19,-22,-23,-19,-13,-15,-15,-14,-13,-14,-11,-15,-12,-12,-10,-9,-7,-8,-8,-11,-11,-7,-8,-8,-19,-26,-25,-19,-12,-8,-5,-10,-8,-7,-9,-9,-12,-17,-17,-19,-21,-17,-20,-16,-15,-17,-13,-14,-16,-14,-13,-13,-14,-14,-8,-8,-11,-8,-7,-7,-8,-14,-9,-8,-16,-19,-15,-21,-19,-10,-9,-4,-7,-11,-10,-7,-11,-19,-9,-17,-20,-24,-17,-16,-14,-15,-15,-13,-15,-13,-9,-12,-13,-12,-11,-11,-9,-8,-8,-9,-7,-1,-9,-9,-13,-20,-17,-14,-16,-19,-12,-4,-13,-8,-11,-5,-14,-17,-11,-17,-20,-20,-23,-22,-20,-18,-17,-20,-19,-14,-10,-11,-12,-11,-10,-10,-12,-11,-9,-7,-6,1,-11,-13,-18,-15,-14,-13,-14,-17,-10,-7,-15,-11,-5,-6,-12,-17,-13,-17,-17,-15,-17,-17,-15,-15,-15,-16,-13,-8,-11,-11,-10,-8,-12,-9,-8,-10,-10,-6,-7,-20,-9,-7,-7,-14,-11,-13,-14,-11,-9,0,-6,-10,-3,-5,-8,-8,-7,-12,-18,-20,-19,-18,-19,-16,-10,-12,-14,-9,-9,-9,-11,-11,-9,-9,-9,-9,-8,-7,-7,-1,-14,-15,-11,-14,-14,-13,-13,-9,-10,-2,-5,-8,-5,-8,-13,-15,-11,-15,-17,-14,-16,-15,-11,-12,-18,-17,-15,-12,-12,-11,-11,-11,-10,-13,-10,-8,-8,-7,-7,-5,-12,-11,-13,-14,-12,-15,-16,-13,-12,-2,-6,-12,-6,-8,-14,-12,-13,-18,-21,-23,-16,-18,-16,-14,-13,-16,-19,-16,-14,-14,-10,-8,-7,-9,-9,-8,-11,-10,-5,-3,-10,-15,-20,-14,-16,-17,-17,-8,-10,0,-8,-11,-17,-16,-12,-11,-12,-18,-22,-20,-19,-22,-18,-14,-12,-18,-14,-11,-13,-12,-11,-11,-10,-6,-9,-8,-9,-10,-6,-14,-13,-16,-15,-23,-23,-18,-13,-10,-7,0,-6,-9,-10,-7,-12,-15,-17,-22,-20,-19,-20,-21,-18,-19,-17,-14,-16,-18,-13,-15,-15,-11,-13,-10,-11,-6,-7,-8,-8,-9,-15,-9,-13,-16,-21,-18,-13,-3,-3,-5,-10,-16,-14,-11,-16,-14,-12,-23,-21,-17,-18,-22,-19,-14,-15,-16,-14,-12,-15,-14,-11,-8,-11,-11,-9,-8,-7,-9,-8,-6,-11,-9,-14,-21,-18,-14,-16,-10,-5,-7,-10,-15,-15,-10,-13,-16,-17,-18,-22,-23,-24,-23,-22,-15,-16,-16,-13,-13,-12,-12,-14,-13,-12,-10,-7,-9,-9,-8,-8,-6,-14,-12,-21,-19,-15,-24,-23,-6,-2,-3,-9,-16,-22,-16,-20,-22,-15,-18,-19,-20,-17,-18,-17,-16,-15,-20,-16,-13,-14,-12,-11,-12,-10,-12,-9,-8,-8,-7,-6,-5,-15,-18,-14,-15,-17,-20,-15,-10,-9,-10,-9,-17,-18,-8,-16,-18,-16,-18,-19,-18,-20,-18,-17,-15,-13,-14,-12,-12,-14,-12,-9,-13,-10,-9,-9,-8,-9,-11,-9,-6,-8,-7,-13,-18,-13,-14,-14,-13,-9,-14,-16,-10,-8,-6,-14,-19,-17,-17,-17,-21,-21,-20,-20,-18,-14,-18,-14,-12,-14,-14,-13,-11,-11,-10,-9,-7,-6,-6,-6,-1,-9,-12,-17,-24,-24,-18,-13,-18,-17,-10,-10,-14,-17,-9,-15,-19,-16,-16,-24,-23,-21,-18,-18,-19,-17,-17,-16,-18,-18,-15,-14,-11,-11,-10,-10,-9,-6,-7,-7,1,-12,-17,-16,-19,-21,-22,-20,-16,-8,-14,-12,-13,-14,-10,-17,-16,-14,-21,-22,-22,-17,-19,-23,-20,-16,-14,-15,-13,-11,-12,-13,-11,-12,-12,-12,-11,-8,-7,-5,-5,-16,-13,-22,-29,-16,-11,-14,-10,-8,-17,-13,-20,-16,-10,-24,-22,-18,-21,-19,-23,-21,-22,-19,-17,-17,-15,-17,-15,-14,-13,-8,-9,-12,-8,-11,-10,-9,-9,-6,-16,-17,-14,-21,-18,-19,-16,-16,-11,-14,-13,-10,-17,-14,-14,-20,-16,-16,-16,-22,-22,-17,-20,-20,-17,-16,-15,-15,-15,-13,-11,-13,-10,-10,-8,-10,-8,-8,-10,-8,-8,-12,-15,-22,-19,-26,-18,-19,-14,-13,-12,-17,-21,-16,-13,-21,-19,-17,-16,-20,-20,-22,-24,-21,-15,-15,-15,-14,-13,-10,-12,-9,-7,-8,-9,-11,-11,-6,-9,-9,-10,-31,-13,-20,-15,-19,-23,-21,-12,-12,-13,-12,-16,-14,-15,-16,-16,-19,-19,-17,-23,-20,-20,-22,-16,-14,-14,-15,-15,-14,-12,-11,-8,-8,-7,-8,-9,-6,-7,-5,-7,-9,-15,-21,-23,-18,-20,-26,-13,-16,-17,-19,-23,-26,-19,-15,-20,-17,-15,-19,-19,-21,-22,-18,-14,-15,-16,-15,-14,-12,-12,-10,-12,-11,-10,-10,-10,-10,-10,-8,-7,-8,-17,-27,-22,-20,-27,-19,-9,-9,-8,-10,-22,-19,-14,-19,-21,-19,-20,-26,-22,-20,-17,-14,-15,-14,-15,-14,-11,-12,-9,-10,-10,-9,-12,-14,-8,-8,-9,-8,-5,-12,-27,-27,-20,-16,-12,-18,-11,-10,-14,-12,-16,-15,-11,-19,-19,-18,-20,-21,-18,-16,-19,-18,-16,-14,-13,-20,-15,-11,-10,-9,-8,-10,-8,-8,-9,-7,-5,-7,0,-8,-20,-22,-18,-17,-21,-20,-11,-18,-17,-13,-10,-12,-16,-19,-20,-19,-17,-20,-16,-15,-18,-19,-18,-17,-14,-14,-15,-14,-8,-9,-8,-8,-9,-7,-6,-10,-9,-8,-3,-3,-13,-20,-22,-17,-13,-18,-15,-14,-16,-16,-13,-15,-23,-14,-17,-15,-19,-21,-16,-15,-18,-18,-17,-14,-15,-15,-15,-13,-11,-10,-12,-9,-7,-10,-11,-11,-11,-7,1,-5,-15,-16,-20,-15,-17,-22,-15,-11,-16,-18,-19,-13,-15,-17,-18,-17,-18,-20,-16,-18,-15,-21,-15,-14,-15,-18,-16,-13,-13,-11,-10,-10,-11,-8,-8,-6,-8,-8,2,-9,-14,-20,-18,-19,-16,-17,-15,-20,-14,-11,-16,-19,-15,-17,-12,-15,-19,-19,-22,-19,-16,-23,-22,-16,-14,-14,-13,-11,-12,-11,-11,-11,-11,-8,-8,-8,-9,-6,-9,-7,-8,-21,-32,-23,-21,-16,-17,-16,-13,-13,-21,-19,-17,-19,-22,-20,-20,-20,-21,-22,-18,-16,-19,-15,-15,-14,-16,-15,-11,-6,-6,-7,-7,-5,-6,-9,-6,0,-4,-12,-23,-20,-22,-16,-17,-18,-15,-25,-18,-12,-17,-20,-16,-20,-13,-19,-16,-20,-20,-18,-21,-19,-16,-19,-15,-20,-14,-12,-11,-10,-7,-6,-7,-5,-7,-8,-7,-4,-4,-10,-17,-24,-17,-20,-27,-17,-10,-14,-13,-14,-17,-19,-13,-15,-15,-15,-16,-25,-20,-20,-20,-13,-13,-13,-15,-18,-13,-10,-11,-9,-9,-7,-6,-9,-5,-6,-6,-5,-19,-18,-21,-23,-22,-17,-13,-15,-12,-14,-11,-13,-14,-20,-15,-10,-27,-17,-17,-21,-18,-19,-17,-18,-16,-14,-13,-16,-18,-13,-8,-9,-8,-8,-8,-8,-9,-8,-7,-7,-1,-5,-27,-18,-16,-18,-21,-12,-13,-9,-13,-8,-11,-12,-13,-17,-22,-12,-18,-21,-19,-20,-21,-20,-19,-14,-13,-17,-10,-11,-9,-10,-10,-6,-6,-5,-6,-9,-9,-10,6,-3,-13,-23,-20,-17,-25,-22,-21,-17,-11,-11,-14,-12,-10,-13,-12,-13,-17,-21,-22,-17,-18,-15,-16,-16,-16,-16,-14,-10,-9,-14,-13,-9,-11,-7,-7,-11,-9,-6,4,-13,-10,-18,-19,-17,-13,-13,-11,-11,-15,-16,-20,-14,-8,-9,-11,-10,-14,-24,-22,-21,-18,-17,-12,-14,-18,-14,-13,-9,-9,-10,-9,-8,-9,-7,-8,-8,-7,-6,-1,-5,-10,-14,-24,-15,-19,-24,-22,-20,-23,-17,-13,-14,-13,-11,-19,-11,-18,-21,-23,-22,-20,-14,-13,-13,-12,-13,-12,-12,-12,-14,-14,-8,-9,-6,-9,-9,-8,-9,6,-4,-18,-22,-24,-16,-13,-13,-14,-15,-13,-12,-14,-9,-13,-11,-12,-7,-18,-25,-23,-23,-17,-19,-15,-18,-17,-14,-10,-10,-13,-9,-11,-10,-10,-9,-10,-8,-9,-7,7,-3,-13,-24,-17,-17,-21,-15,-14,-9,-16,-11,-12,-10,-10,-15,-15,-5,-10,-17,-20,-15,-16,-14,-14,-18,-15,-14,-13,-13,-12,-11,-12,-9,-8,-10,-8,-7,-9,-8,7,-15,-9,-16,-25,-21,-22,-22,-15,-11,-11,-13,-20,-14,-10,-17,-14,-6,-12,-20,-16,-13,-16,-12,-14,-13,-15,-14,-13,-17,-13,-8,-10,-9,-10,-10,-9,-9,-10,-7,-5,-10,-11,-21,-16,-18,-21,-20,-17,-12,-10,-11,-14,-17,-13,-19,-16,-10,-14,-17,-16,-13,-13,-12,-15,-19,-19,-12,-11,-14,-12,-9,-12,-12,-10,-9,-8,-7,-6,-7,0,-6,-16,-15,-21,-15,-11,-15,-15,-15,-8,-10,-13,-19,-13,-18,-11,-5,-16,-20,-17,-16,-12,-18,-16,-13,-15,-16,-14,-13,-11,-8,-9,-9,-7,-6,-8,-6,-7,-10,4,-2,-11,-14,-28,-17,-19,-13,-18,-13,-17,-21,-21,-17,-14,-17,-15,-11,-20,-22,-19,-20,-16,-16,-14,-17,-18,-15,-13,-14,-16,-11,-11,-12,-12,-9,-7,-7,-7,-7,6,-1,-13,-28,-20,-25,-19,-24,-22,-17,-10,-9,-18,-19,-12,-14,-16,-12,-13,-18,-21,-23,-15,-14,-15,-14,-14,-14,-15,-14,-13,-10,-13,-9,-10,-10,-10,-9,-6,-10,6,-7,-12,-14,-16,-16,-11,-10,-12,-10,-13,-14,-18,-19,-13,-16,-14,-11,-20,-24,-23,-21,-20,-20,-16,-18,-16,-15,-16,-11,-12,-11,-10,-10,-10,-10,-8,-7,-7,-7,7,-1,-11,-17,-21,-15,-15,-20,-23,-20,-18,-10,-13,-19,-14,-15,-15,-13,-16,-16,-15,-18,-18,-15,-18,-14,-14,-17,-15,-13,-12,-10,-11,-12,-11,-9,-10,-10,-7,-8,6,-1,-9,-16,-20,-22,-18,-20,-21,-16,-16,-8,-16,-16,-15,-14,-12,-14,-22,-22,-18,-15,-14,-17,-15,-19,-14,-13,-16,-14,-13,-12,-12,-14,-11,-10,-9,-9,-9,-9,1,-6,-19,-20,-22,-23,-15,-15,-12,-12,-15,-19,-19,-18,-14,-14,-14,-15,-17,-19,-18,-17,-16,-18,-19,-18,-13,-13,-13,-14,-12,-13,-12,-10,-8,-10,-10,-9,-8,-7,6,-4,-13,-21,-20,-17,-19,-13,-11,-14,-14,-14,-16,-16,-16,-16,-19,-17,-19,-23,-22,-20,-22,-16,-15,-19,-16,-14,-12,-13,-12,-9,-9,-12,-12,-12,-10,-9,-8,-6,2,0,-6,-14,-19,-16,-11,-16,-11,-16,-11,-10,-16,-17,-13,-16,-18,-21,-21,-18,-20,-19,-17,-21,-18,-15,-18,-18,-15,-10,-14,-14,-10,-10,-8,-10,-9,-9,-9,-8,5,3,-5,-11,-15,-17,-14,-17,-23,-26,-16,-11,-14,-22,-16,-15,-18,-14,-24,-17,-22,-20,-21,-17,-18,-13,-16,-17,-13,-13,-14,-14,-12,-16,-11,-11,-10,-12,-11,-7,9,-19,-13,-26,-20,-15,-17,-23,-23,-19,-14,-13,-12,-20,-16,-13,-25,-20,-20,-23,-19,-19,-16,-16,-18,-17,-18,-19,-13,-10,-13,-12,-12,-11,-10,-8,-12,-10,-11,-9,0,-11,-6,-18,-25,-16,-13,-16,-12,-18,-21,-18,-19,-23,-16,-14,-19,-17,-15,-23,-20,-21,-19,-15,-14,-18,-17,-13,-16,-16,-14,-11,-12,-9,-9,-8,-6,-6,-10,-8,-1,-8,-5,-14,-20,-21,-23,-17,-9,-21,-18,-15,-16,-11,-16,-18,-14,-16,-16,-20,-19,-19,-18,-19,-18,-19,-19,-20,-17,-16,-11,-13,-11,-9,-10,-12,-8,-9,-9,-9,5,-1,-13,-21,-23,-15,-17,-13,-18,-16,-14,-7,-15,-17,-13,-21,-19,-16,-15,-22,-20,-20,-20,-22,-21,-11,-13,-14,-12,-12,-13,-9,-10,-11,-9,-8,-11,-9,-9,-8,6,-2,-11,-21,-24,-18,-18,-26,-18,-19,-19,-16,-17,-15,-24,-19,-23,-20,-18,-25,-21,-19,-17,-16,-22,-15,-16,-18,-13,-16,-14,-13,-10,-8,-10,-9,-9,-11,-8,-5,0,-33,-7,-15,-20,-21,-16,-17,-18,-16,-20,-8,-13,-17,-13,-14,-16,-13,-15,-23,-18,-19,-15,-18,-18,-15,-15,-14,-15,-13,-14,-13,-11,-11,-10,-9,-10,-6,-7,-5,-2,-4,-11,-17,-16,-13,-10,-13,-12,-14,-9,-9,-16,-14,-12,-10,-15,-18,-17,-20,-18,-17,-19,-18,-12,-16,-19,-12,-12,-14,-15,-11,-8,-6,-11,-11,-10,-11,-9,-7,-6,-11,-13,-16,-19,-15,-11,-16,-22,-20,-10,-5,-10,-11,-13,-12,-17,-15,-14,-19,-20,-21,-17,-15,-16,-21,-15,-14,-13,-11,-14,-8,-10,-10,-13,-9,-11,-9,-9,-8,-1,-4,-9,-12,-15,-21,-19,-14,-16,-20,-17,-19,-16,-12,-9,-10,-16,-16,-18,-18,-19,-21,-19,-17,-13,-14,-16,-12,-13,-13,-11,-13,-14,-12,-12,-9,-7,-8,-9,-6,4,-22,-12,-16,-17,-18,-20,-16,-12,-7,-9,-11,-11,-12,-14,-12,-16,-18,-19,-20,-20,-15,-20,-18,-16,-17,-14,-12,-13,-19,-15,-12,-13,-11,-8,-10,-8,-7,-7,-7,1,-15,-12,-12,-15,-16,-20,-20,-13,-11,-16,-13,-16,-19,-17,-19,-17,-12,-11,-18,-20,-22,-21,-14,-19,-17,-17,-16,-15,-15,-13,-12,-16,-12,-9,-8,-9,-7,-8,-8,-2,-5,-18,-18,-25,-15,-18,-22,-15,-18,-17,-7,-13,-15,-11,-16,-20,-14,-17,-16,-15,-17,-14,-12,-15,-14,-18,-15,-13,-13,-10,-12,-13,-11,-11,-8,-8,-8,-6,-6,2,-6,-14,-23,-25,-20,-15,-18,-11,-11,-15,-11,-10,-9,-9,-12,-18,-13,-20,-24,-20,-23,-17,-17,-15,-20,-17,-17,-16,-14,-12,-11,-10,-10,-10,-11,-11,-9,-10,-7,-6,-8,-14,-12,-27,-18,-15,-19,-17,-21,-12,-10,-20,-11,-11,-17,-15,-13,-17,-26,-27,-21,-17,-15,-14,-14,-13,-14,-18,-16,-13,-12,-11,-11,-9,-14,-11,-10,-10,-6,0,-6,-9,-17,-21,-15,-14,-15,-14,-17,-13,-18,-20,-18,-14,-14,-17,-21,-13,-20,-19,-22,-18,-15,-15,-17,-17,-14,-12,-15,-11,-11,-13,-9,-9,-9,-10,-8,-6,-6,-16,-18,-9,-16,-12,-19,-21,-18,-18,-11,-19,-15,-14,-19,-19,-15,-15,-15,-18,-21,-20,-23,-20,-21,-16,-14,-20,-18,-12,-14,-14,-13,-11,-9,-8,-10,-9,-7,-5,-10,-5,-11,-7,-12,-29,-21,-20,-18,-15,-18,-15,-17,-23,-20,-16,-16,-12,-16,-22,-20,-21,-19,-17,-16,-16,-13,-18,-17,-13,-15,-12,-14,-13,-10,-10,-11,-11,-8,-6,-7,3,-4,-12,-13,-26,-9,-9,-12,-17,-15,-18,-15,-15,-19,-26,-16,-23,-19,-20,-20,-15,-22,-23,-14,-14,-15,-16,-16,-15,-17,-18,-16,-15,-11,-9,-11,-9,-7,-5,-8,5,-2,-6,-7,-10,-9,-13,-10,-13,-9,-20,-14,-14,-13,-16,-13,-15,-16,-18,-22,-19,-18,-19,-17,-16,-15,-14,-15,-15,-17,-11,-10,-11,-11,-8,-12,-10,-6,-7,-7,-3,-2,-7,-7,-19,-18,-11,-11,-16,-13,-17,-14,-13,-13,-18,-13,-15,-16,-16,-21,-24,-21,-17,-17,-19,-17,-15,-12,-13,-18,-15,-10,-11,-11,-9,-8,-9,-7,-7,-5,1,-7,-16,-11,-9,-12,-12,-18,-12,-8,-9,-12,-15,-13,-8,-10,-21,-19,-19,-23,-20,-17,-20,-17,-17,-16,-15,-14,-13,-15,-14,-13,-12,-9,-12,-12,-10,-10,-12,-8,-2,-4,-9,-21,-16,-19,-22,-20,-17,-18,-12,-6,-13,-16,-13,-17,-11,-10,-16,-19,-23,-17,-18,-20,-15,-16,-14,-15,-17,-16,-14,-10,-9,-11,-12,-11,-8,-8,-7,-8,0,-4,-11,-14,-18,-19,-17,-16,-12,-14,-14,-9,-15,-20,-12,-15,-8,-4,-16,-25,-25,-22,-19,-17,-15,-16,-13,-16,-16,-15,-15,-13,-11,-11,-9,-11,-11,-10,-8,-5,1,-10,-7,-12,-19,-26,-20,-16,-17,-20,-16,-11,-13,-17,-13,-19,-7,-3,-17,-21,-21,-17,-14,-13,-11,-15,-14,-11,-11,-14,-12,-11,-12,-8,-9,-10,-9,-10,-8,-7,3,-7,-4,-18,-21,-24,-21,-19,-12,-14,-13,-11,-12,-14,-12,-15,-13,-10,-14,-18,-20,-18,-15,-22,-16,-17,-16,-13,-15,-13,-11,-12,-14,-14,-13,-12,-8,-7,-7,-6,5,-3,-5,-12,-28,-18,-21,-13,-11,-19,-15,-8,-12,-13,-14,-16,-12,-7,-15,-19,-17,-17,-17,-14,-17,-15,-17,-13,-16,-14,-17,-13,-13,-9,-10,-8,-9,-9,-9,-8,8,0,-8,-20,-25,-19,-19,-18,-14,-13,-17,-16,-25,-17,-13,-18,-10,-9,-17,-18,-21,-20,-14,-13,-16,-14,-16,-15,-13,-12,-12,-11,-12,-11,-11,-11,-8,-7,-7,-7,9,-3,-5,-10,-13,-14,-17,-18,-14,-9,-15,-11,-20,-19,-14,-11,-15,-14,-16,-20,-19,-17,-11,-15,-17,-15,-16,-16,-14,-14,-13,-12,-11,-9,-10,-8,-8,-9,-9,-7,4,0,-12,-15,-17,-12,-14,-15,-17,-20,-13,-12,-15,-16,-11,-12,-17,-14,-18,-22,-17,-14,-14,-11,-12,-15,-15,-18,-17,-15,-10,-11,-13,-13,-10,-10,-9,-9,-9,-8,7,-4,-23,-13,-14,-16,-18,-18,-14,-20,-21,-13,-13,-12,-15,-15,-11,-11,-22,-19,-15,-19,-17,-17,-22,-17,-14,-16,-12,-18,-14,-11,-12,-10,-13,-9,-8,-8,-8,-8,9,-6,-17,-22,-21,-19,-12,-11,-21,-17,-16,-9,-18,-20,-14,-19,-17,-12,-14,-16,-22,-18,-14,-15,-16,-15,-15,-16,-13,-13,-13,-13,-12,-10,-11,-9,-11,-9,-6,-10,9,-5,-10,-18,-21,-16,-12,-16,-15,-17,-10,-16,-23,-21,-15,-15,-12,-11,-13,-18,-15,-17,-15,-12,-12,-14,-13,-16,-9,-8,-9,-6,-10,-12,-7,-6,-6,-7,-6,-3,5,-6,-4,-20,-22,-16,-15,-16,-14,-15,-14,-13,-16,-14,-12,-15,-16,-13,-16,-19,-22,-22,-16,-13,-13,-15,-14,-10,-11,-10,-8,-5,-4,-4,-5,-4,-7,-8,-8,-6,1,-6,-12,-16,-24,-21,-18,-10,-10,-12,-15,-14,-17,-9,-14,-17,-16,-12,-12,-22,-20,-20,-14,-10,-9,-14,-15,-17,-11,-10,-8,-5,-7,-5,-5,-5,-7,-6,-7,-5,6,-7,-26,-19,-19,-23,-19,-19,-18,-10,-15,-13,-14,-18,-13,-13,-18,-13,-15,-20,-20,-18,-18,-15,-12,-18,-13,-16,-13,-13,-9,-11,-10,-8,-9,-8,-11,-8,-7,-5,3,-13,-15,-15,-25,-18,-18,-14,-17,-18,-15,-11,-18,-13,-10,-12,-17,-15,-14,-18,-16,-15,-21,-19,-15,-16,-13,-16,-12,-12,-10,-9,-11,-9,-10,-8,-9,-8,-8,-7,3,-2,-11,-25,-26,-27,-22,-13,-13,-16,-14,-9,-15,-18,-12,-18,-22,-16,-15,-19,-19,-22,-20,-16,-18,-14,-16,-15,-12,-10,-11,-10,-9,-10,-8,-11,-8,-7,-7,-10,5,-8,-20,-20,-22,-19,-14,-16,-11,-13,-15,-11,-11,-18,-9,-13,-15,-12,-18,-20,-22,-18,-14,-16,-17,-13,-14,-13,-11,-14,-11,-12,-13,-11,-9,-10,-8,-8,-8,-10,1,-10,-8,-10,-17,-17,-18,-13,-11,-13,-12,-10,-12,-10,-9,-14,-15,-12,-16,-16,-16,-18,-17,-14,-10,-12,-12,-15,-12,-11,-13,-11,-12,-10,-12,-9,-8,-7,-11,-7,0,19,26,4,-4,3,14,4,5,1,0,0,3,8,-1,-5,0,2,3,5,2,3,0,-1,-2,0,1,-2,2,2,0,1,1,0,-2,0,0,0,0,0,0,19,21,-1,-6,1,6,0,0,-2,3,2,0,0,-4,-5,1,3,4,4,5,6,6,3,-1,2,0,0,0,0,0,-1,0,1,0,2,1,1,0,0,0,17,22,0,-5,6,11,1,-2,-8,-8,-7,-4,-4,-2,-7,-7,-1,1,4,2,3,3,1,-3,0,1,-1,2,0,0,0,0,0,-1,2,0,2,0,0,0,18,23,2,-1,0,4,1,2,3,1,0,2,8,1,-2,0,4,5,4,0,0,2,1,-3,-1,1,0,0,0,0,0,2,1,-2,-1,0,0,-2,0,0,13,17,3,8,7,3,-3,3,9,5,2,5,5,0,-1,7,9,-1,-2,2,4,2,2,0,-3,-1,-1,0,-1,-3,4,5,2,3,2,0,0,0,0,0,16,12,0,4,6,3,0,-3,0,-3,-1,4,2,-8,-10,0,1,-1,0,5,2,1,0,-4,-5,-1,-3,0,0,1,3,1,2,-1,-4,-1,0,4,1,0,14,6,-7,-3,0,1,1,1,5,-3,-4,3,4,0,-5,3,5,0,0,3,-3,-4,0,-2,-2,2,-1,1,0,2,4,3,0,2,-1,0,0,1,-1,0,28,21,9,5,4,-1,0,2,-1,-2,-4,0,5,10,3,0,-3,-2,0,-2,0,1,2,2,0,-2,0,-1,-2,0,0,1,0,0,-3,-1,-3,-3,2,0,23,16,15,0,4,5,-3,5,0,4,0,-2,7,1,0,-3,-3,-1,3,7,2,1,3,-3,1,0,1,3,-2,0,0,0,-3,-4,-1,4,0,0,3,0,33,17,10,-1,0,3,0,1,4,-1,-4,0,1,1,2,8,3,0,-3,-1,-4,-1,0,0,2,2,6,4,0,0,0,0,1,-1,-1,2,0,0,3,0,35,13,12,-1,2,2,2,2,3,5,0,7,6,4,7,3,1,0,0,0,-3,0,-4,-1,0,-3,0,2,0,0,0,0,0,-4,-4,0,-1,4,2,0,36,19,13,2,4,7,5,-2,-1,0,5,7,7,6,6,2,-3,-3,-2,-3,2,-2,1,0,-4,-3,2,2,-1,0,1,2,0,-2,0,0,0,2,1,0,32,18,5,0,-4,0,3,2,8,4,-2,4,1,2,2,0,0,1,1,-1,3,0,4,-3,-3,4,3,0,-2,5,1,-1,3,1,-1,-4,-2,0,0,0,25,30,0,0,0,0,1,-1,11,-1,10,0,1,-8,4,-7,-2,-3,0,-4,-5,5,-1,1,-3,1,-1,1,-2,3,0,4,0,-1,-1,1,-1,0,0,0,14,31,-7,0,0,-3,11,-4,9,0,11,-3,11,1,10,-5,3,-1,-2,-1,-1,-2,-3,-4,-2,-3,0,1,-1,3,0,2,0,-1,0,3,-2,0,0,0,28,37,0,9,8,3,4,0,22,-2,-1,-6,11,-2,7,-5,-2,-6,0,1,2,6,1,-1,-7,2,0,2,0,2,0,0,-4,-3,-1,3,-2,-1,1,0,16,22,-4,4,5,8,6,-2,15,-4,-6,-8,12,0,3,-2,0,-4,0,1,8,7,5,4,2,7,3,6,1,6,8,2,3,3,1,7,0,0,-2,0,28,24,-1,6,7,8,9,5,19,0,-3,-7,8,3,5,-5,-5,-3,-1,-3,3,2,-2,-4,-2,8,6,0,-2,0,2,5,1,-1,-3,-3,-2,-3,-1,0,20,25,8,7,5,8,4,3,15,0,0,-3,14,3,1,-9,-2,0,-5,-4,0,2,-3,-2,-3,-1,1,2,1,3,1,-2,-2,-1,-2,0,-1,0,0,0,22,20,0,5,9,10,1,-1,7,-3,3,1,10,-2,-1,-3,0,0,-2,-3,1,8,2,5,0,5,3,5,2,5,2,2,4,1,-3,0,1,0,2,0,28,26,-2,2,8,5,-1,-11,1,0,-1,-2,6,-1,1,-5,-5,0,-3,-8,0,3,-2,-6,-4,1,-2,1,1,1,0,0,3,0,-1,0,0,-3,0,0,34,22,0,7,0,5,3,-2,3,2,-1,-3,5,1,4,2,1,-1,1,4,2,4,2,0,0,3,2,1,-1,0,1,-1,-1,0,0,0,-1,0,0,0,31,18,-6,0,5,3,-4,-1,2,2,-2,0,2,2,0,2,4,0,-6,-7,-5,1,2,-3,-2,3,0,-1,0,3,1,-1,1,2,0,1,1,1,1,0,29,27,1,5,5,5,0,-3,3,1,-4,-6,-1,-2,-3,-1,3,1,-1,-2,-1,3,1,0,0,3,2,0,-1,2,1,4,3,0,2,1,-1,0,1,0,28,20,-1,0,4,2,1,-1,2,4,0,-4,-1,0,-1,-3,2,3,-3,-2,-2,2,3,-3,-2,0,0,0,1,0,0,2,0,0,1,2,-1,-2,0,0,31,27,5,-2,3,11,6,2,4,8,4,3,0,-1,0,-3,0,-2,-1,-2,1,2,5,2,-2,-1,-1,0,1,0,-3,0,0,0,-2,-5,-2,0,0,0,29,26,3,2,7,9,10,0,-1,0,0,4,-2,0,3,-1,1,3,0,-1,-2,0,-1,-3,-1,0,2,3,0,-1,-1,1,0,-2,0,-2,-3,0,2,0,23,29,2,9,8,7,6,7,7,8,3,0,3,3,3,2,0,0,-2,-7,-2,0,0,3,-2,-3,0,2,0,-1,-1,0,0,-1,0,0,0,0,-2,0,26,31,6,10,17,15,8,10,0,-1,0,1,1,-1,-1,0,-2,-1,-4,0,4,8,5,1,2,0,-2,-1,0,2,0,-1,1,1,4,3,2,2,1,0,21,35,8,10,14,11,9,8,7,5,2,2,2,6,0,-2,0,-5,-7,-3,-2,-2,-1,0,1,0,-2,-2,-1,0,3,1,2,4,0,-1,0,-1,-2,0,19,25,6,5,7,10,1,1,2,7,0,1,6,2,0,-2,2,2,0,0,0,0,0,-5,-1,0,0,0,1,3,2,5,3,0,2,0,0,-1,-1,0,12,27,1,8,11,8,0,-1,-1,3,1,0,5,2,0,-3,-1,-4,-5,-4,2,4,2,-3,-2,2,2,1,2,1,2,2,0,1,-1,1,1,-2,-1,0,7,26,-1,-2,2,6,0,4,5,5,-1,2,3,5,5,2,-2,-5,-3,0,0,1,5,5,5,6,2,0,0,-3,0,1,1,2,-4,-5,-2,2,1,0,15,32,5,11,14,5,4,5,4,4,4,1,0,1,2,0,2,-2,-4,0,0,0,2,-2,-4,-2,0,0,-1,0,2,2,-1,0,0,1,1,3,1,0,8,23,0,2,16,18,12,7,7,10,4,0,-1,1,0,-1,-7,-7,-6,-4,1,3,4,0,1,1,-1,0,2,-1,-3,-1,-1,0,0,-1,-1,0,0,0,8,27,4,11,12,14,6,3,6,4,3,3,11,7,-3,-5,-6,-3,2,0,-1,0,0,-4,-2,0,5,5,1,0,1,-3,-7,-3,1,-1,-1,1,1,0,12,27,2,8,14,8,7,5,8,9,2,3,0,4,6,4,2,1,-1,-1,-1,0,-1,-5,-3,1,2,0,0,0,0,3,0,0,1,0,0,3,3,0,3,21,0,0,15,11,10,5,-1,10,3,1,0,0,0,-1,-1,1,-6,0,4,4,5,1,-1,0,0,3,0,0,-2,-1,0,0,1,3,0,2,-2,0,2,13,-10,-3,4,5,1,4,5,11,0,3,4,1,0,2,6,4,-1,2,4,0,5,4,0,1,4,1,1,0,2,3,2,0,0,0,3,4,2,0,3,21,3,5,5,3,2,4,0,4,5,0,0,2,5,6,6,5,-3,-1,3,2,0,-2,-4,0,1,3,2,1,0,0,-4,0,0,0,0,-1,-1,0,5,25,0,0,3,4,5,2,4,5,0,0,1,0,1,2,-3,0,1,-4,0,4,0,-3,0,0,-2,0,-1,0,-1,-1,-1,-1,0,0,2,2,0,0,0,20,-1,-1,6,4,3,6,1,-1,1,2,2,0,-1,-6,-3,-3,-3,-4,-2,0,3,2,1,4,5,5,2,3,1,-1,0,-1,0,0,0,-1,0,0,4,24,4,5,6,12,-2,0,1,-1,-4,-2,1,4,-2,-3,0,-2,0,-3,0,-2,-2,0,1,0,0,3,1,-2,-1,0,-2,-1,-2,-1,1,0,1,0,4,35,5,1,6,10,5,6,11,10,1,0,6,2,4,5,1,-1,-1,0,0,2,0,-1,0,0,1,1,-1,-1,1,2,0,0,0,-2,-3,0,3,0,-1,26,3,1,2,6,3,1,1,6,0,-1,0,9,4,1,3,2,0,-1,0,2,0,-3,0,1,3,2,-2,-1,0,-1,1,0,0,1,0,2,2,0,-3,23,2,4,6,9,10,12,8,3,0,-3,0,3,0,0,-1,-1,-2,-2,0,2,2,-2,1,3,4,5,0,1,1,0,0,0,-2,-1,0,-2,1,0,1,21,0,7,12,6,4,3,8,3,-6,-8,0,0,6,6,1,5,-3,-6,1,2,-1,-2,4,0,0,0,-3,-2,1,1,0,0,0,-2,0,0,-1,0,2,27,4,9,7,13,5,2,4,2,2,0,1,0,-2,-4,-1,2,-1,-1,0,0,0,-2,-3,1,2,0,-2,-2,-1,0,-2,0,3,-2,0,2,0,0,-1,25,6,6,5,9,7,8,2,2,3,4,5,3,1,0,0,0,3,0,3,3,0,0,0,1,2,4,0,-1,1,0,0,0,0,0,0,0,1,0,-10,19,0,4,13,13,0,4,11,6,-1,0,-2,0,0,1,2,-1,0,-1,2,3,6,0,-2,-2,3,3,2,0,0,0,0,2,0,1,-2,-3,2,0,-5,20,1,4,11,9,7,7,7,1,-2,0,3,4,0,-3,-4,-3,-3,-3,0,1,2,2,-1,1,4,1,-1,-2,-3,-4,-2,-1,-3,0,-1,0,0,0,-4,19,0,0,15,15,6,8,6,6,-3,-1,2,0,4,5,4,4,4,0,2,0,-8,-6,-4,0,0,2,1,2,0,-3,-1,2,-3,-3,-2,-2,0,0,-9,22,0,2,15,21,6,1,3,7,0,0,5,4,2,3,4,5,0,-4,0,-5,0,3,0,-3,1,1,0,0,0,2,0,0,2,2,1,3,2,0,0,24,0,-1,7,9,5,13,11,7,4,2,0,-2,0,-2,-1,-2,-3,-2,0,4,0,-1,0,-1,1,3,1,0,0,2,0,1,0,-1,2,0,-2,0,-3,20,2,6,7,10,11,7,11,8,-2,0,1,3,0,0,0,0,0,0,2,-1,4,3,-3,0,2,0,1,1,-1,-1,1,0,-1,2,0,-1,3,0,-6,18,-1,1,7,4,3,5,7,8,4,3,2,5,2,1,1,1,-2,-3,0,5,1,0,0,0,4,0,0,0,0,0,0,0,1,-1,1,0,-1,0,-4,13,-7,2,6,0,0,1,8,10,5,1,1,1,0,0,1,0,0,-3,5,6,3,0,-3,1,3,0,1,-1,-1,-5,-4,0,1,-2,0,1,1,0,-8,17,-3,1,5,2,-3,1,6,4,-1,-3,1,0,-1,0,3,2,-2,2,0,2,3,0,2,4,4,5,1,2,4,2,1,2,1,0,6,3,0,0,-8,18,5,6,3,4,9,6,10,14,-2,-6,0,-1,1,0,0,-1,0,0,1,4,1,-4,0,6,5,0,1,-3,0,0,0,-1,1,0,0,1,0,0,-4,14,-4,2,0,3,6,6,7,6,0,3,5,0,0,6,0,1,0,-3,0,1,0,2,2,3,4,-1,2,0,0,0,0,-1,0,0,-2,0,1,0,-12,23,6,9,12,4,1,3,2,5,2,4,7,0,0,2,0,-3,-2,0,0,2,0,-2,-4,-2,2,3,0,1,0,0,1,0,0,1,0,-2,-2,0,16,17,-6,-3,-4,-8,-4,-1,-2,-9,-4,2,5,10,12,2,0,-4,-6,-7,2,8,6,4,7,6,7,5,1,1,5,5,2,1,0,0,0,-2,0,0,26,17,-10,0,0,-12,-12,-10,-8,-4,-3,0,3,0,1,3,-1,-4,-3,0,-1,-1,-1,-3,-3,-1,0,2,2,0,-1,2,0,0,0,1,1,1,2,0,10,21,-2,0,-3,-8,-10,-6,-3,-8,-8,5,13,9,5,3,2,-1,0,-4,-1,2,5,3,1,1,4,4,0,2,2,0,2,0,0,0,0,3,4,0,14,30,-3,0,0,-9,-3,0,-1,-1,0,5,6,6,3,0,2,4,0,-1,2,4,0,-2,4,3,3,2,1,1,0,0,0,2,3,1,0,-1,0,0,5,27,5,4,6,1,2,2,3,5,2,4,4,1,0,2,6,3,-4,4,6,7,3,-3,3,2,0,0,-1,-2,0,-1,0,-1,-1,-1,2,3,0,0,0,21,0,5,9,3,-1,-1,2,2,-3,-3,7,2,-2,1,6,1,3,6,6,3,-1,-2,1,5,2,4,3,4,1,0,3,0,1,1,0,0,0,0,1,31,2,0,7,7,5,0,3,1,-3,5,5,-1,1,6,6,3,0,-5,-4,2,4,3,-2,0,3,4,0,0,-4,-2,-1,-1,0,0,0,-1,-2,0,-4,26,-2,0,10,9,4,7,8,5,-1,1,3,0,1,2,8,3,0,1,2,1,0,0,5,4,3,4,2,0,3,2,0,0,2,2,1,-1,0,0,-15,17,3,5,10,6,4,3,3,3,0,3,7,4,0,0,-1,-7,0,0,4,1,-1,-2,0,1,1,0,-4,1,0,-2,-3,-1,-3,-1,2,0,0,0,-13,23,6,5,4,0,-2,-2,1,1,-3,-4,4,3,1,-2,1,-2,-3,-2,0,1,2,3,0,2,7,5,1,1,2,0,1,1,1,4,0,0,-3,0,-8,24,0,-1,5,9,4,1,9,5,1,-1,0,5,0,-4,2,0,2,0,0,0,-1,-1,0,2,4,1,-4,-5,-3,-1,-2,-2,0,0,0,0,-2,0,-1,27,5,8,10,-1,2,0,5,3,0,1,4,4,1,1,0,-1,-1,0,4,1,3,-1,-4,-1,2,2,4,3,0,0,-3,-5,-1,-2,-2,0,1,0,-5,23,0,3,10,5,2,4,5,6,1,-1,3,3,5,3,3,2,-4,-3,-1,0,5,0,0,0,3,2,1,0,-1,1,0,-1,1,2,-2,-1,0,0,-15,23,0,-4,1,0,0,0,-4,-2,-2,-2,0,0,0,-4,0,-3,-2,-4,1,0,-2,-4,-3,-3,0,-1,-1,-2,0,0,-1,-1,-1,0,0,-2,1,0,-9,23,4,1,9,8,8,4,-1,1,0,1,5,4,1,-3,5,8,1,-1,0,6,5,0,1,-1,0,-2,1,-4,-1,-1,0,1,0,-2,-3,-2,0,0,-22,11,-7,-2,10,5,1,8,2,5,-1,-4,1,4,3,4,10,5,3,7,5,4,1,2,7,14,15,9,6,0,2,3,2,1,1,2,2,0,0,0,-10,16,-10,2,4,1,5,7,5,1,-2,-4,-3,-2,-3,-1,3,6,1,0,0,-1,-1,-1,0,5,4,5,-3,-7,0,0,1,-1,0,0,-1,0,-3,0,-13,19,-5,0,7,7,5,4,0,0,1,-1,-3,1,-2,-2,1,1,-3,-3,1,0,0,0,1,3,2,4,1,0,0,-1,2,3,3,1,0,0,0,0,-12,13,-12,-1,7,9,11,5,4,4,-3,-3,-4,1,2,4,5,4,6,-4,-5,-4,-1,-2,1,9,6,3,1,0,2,0,-1,1,0,1,1,2,0,0,-9,14,-10,-1,5,9,10,9,4,-1,-1,-1,3,0,1,4,6,5,4,0,0,-2,0,0,2,3,0,3,-2,1,2,0,6,1,-1,1,0,0,0,0,1,16,-11,-2,8,9,2,2,0,-5,-5,1,4,0,1,-1,0,4,0,-4,-5,-4,-2,0,4,6,1,-2,-1,3,2,0,1,1,2,1,1,2,0,0,-2,18,-8,-2,3,9,12,4,0,-2,-5,4,1,-2,-5,-9,0,4,0,-4,-8,-7,-3,2,5,3,0,-1,-2,0,2,2,0,0,-1,3,0,-2,-1,0,-4,11,-13,-6,3,8,9,3,-1,1,0,5,2,0,-5,-6,2,4,2,-3,-7,-6,2,0,1,2,-3,-5,-2,0,0,-1,0,-1,0,0,0,0,-2,0,-4,14,-13,-8,11,16,11,3,6,4,6,8,4,0,-6,-6,2,2,3,-2,-8,-2,-1,0,7,2,2,0,-3,0,-2,-1,0,-1,0,0,0,0,1,0,-4,15,-8,1,17,18,11,3,3,1,4,12,4,-6,-10,-1,9,8,5,-1,-5,-5,-1,0,2,8,3,-3,-6,-2,0,1,0,0,-1,2,2,0,-1,0,-6,8,-11,-7,8,15,10,3,1,-2,0,6,8,1,-7,-5,5,10,5,0,-2,1,3,5,5,5,0,-4,-1,0,4,1,-1,-2,-2,1,3,1,-1,0,2,16,-11,-7,10,18,19,12,1,-3,0,5,1,-2,-3,-4,6,5,4,0,-2,-3,-1,0,2,3,0,1,1,2,4,1,-2,-2,0,1,1,1,0,0,1,10,-9,-3,12,18,20,12,3,3,3,1,3,-1,-8,-5,1,5,1,0,-5,-6,0,5,3,5,-1,-4,0,0,2,3,0,-1,2,2,1,-1,0,0,2,14,-16,-10,12,20,15,4,5,2,-1,5,3,0,-10,0,5,6,5,2,-5,-7,-2,1,3,2,1,0,0,0,2,2,0,-1,-2,0,0,-3,-1,0,0,9,-19,-13,6,19,16,7,4,0,0,3,6,0,-4,-1,2,6,4,-2,-6,-6,-3,0,0,-1,-2,0,0,0,1,4,1,1,-1,0,1,0,-2,0,1,10,-13,-5,7,17,16,8,2,0,-2,5,2,2,-6,-3,1,5,3,-5,-6,0,4,3,4,4,0,-1,-2,2,2,0,0,-3,-1,0,2,0,0,0,-6,14,-19,-13,4,18,10,2,-4,1,4,10,7,3,-4,0,10,8,3,-1,0,1,4,4,6,5,0,0,-2,0,4,1,-1,-3,-2,0,2,1,1,0,3,9,-16,-2,5,12,19,5,-1,0,3,9,9,-2,-6,-8,-2,2,0,-1,-2,0,1,0,-1,0,-1,0,0,2,4,1,-3,-1,-3,0,1,1,1,0,2,16,-18,-8,9,22,14,6,1,5,-2,2,9,1,-4,-4,0,5,1,-5,-6,-1,0,2,0,1,-3,-2,0,1,0,0,-2,-5,0,2,5,2,2,0,2,14,-13,-4,6,16,18,14,1,-1,1,5,2,1,-2,-1,3,3,2,0,-6,2,6,3,2,1,0,-2,-2,1,1,1,0,-2,0,3,2,1,1,0,6,18,-12,-10,0,15,17,10,3,3,0,0,4,2,0,1,2,0,0,0,-2,0,3,0,-2,-3,0,0,0,0,4,4,-2,-1,0,2,3,2,1,0,1,16,-17,-10,5,17,11,6,3,1,0,1,-2,2,0,-2,2,-2,0,-5,0,-3,0,0,2,1,0,1,1,3,-1,-1,-2,-2,-1,0,0,1,1,0,7,21,-11,-7,5,11,4,2,9,6,0,-1,2,0,0,2,0,1,-1,1,0,3,0,0,4,2,-1,0,0,0,0,1,0,1,-1,1,2,0,1,0,1,16,-10,-4,8,13,12,5,2,0,0,3,0,0,0,2,-1,0,-1,-4,-1,-1,1,8,1,1,1,2,-1,-1,1,2,-1,0,0,0,0,2,0,0,-5,6,-12,-6,3,10,7,5,7,1,-4,4,3,5,0,0,3,-1,-3,-5,1,1,2,4,0,-2,-1,-2,0,2,2,0,-1,0,-3,-1,0,1,1,0,-4,12,-13,-13,1,13,10,5,10,5,-4,0,-1,-2,0,6,1,-4,-4,-3,-2,-4,0,1,1,0,3,1,2,5,2,1,0,-2,0,1,0,2,1,0,-2,14,-10,-4,8,14,8,7,4,2,-2,-3,2,7,6,1,8,3,0,2,3,4,6,0,0,1,2,1,0,6,5,2,0,0,0,0,1,3,3,0,-8,7,-17,-8,8,13,14,8,8,12,3,-2,-1,-2,-3,-4,-1,-3,-2,-5,0,1,3,0,-1,-1,0,-2,-1,0,0,1,0,-1,0,0,0,1,0,0,2,11,-12,-3,1,6,11,6,4,8,-2,-3,-3,-3,3,4,2,2,-2,-1,-2,4,9,2,-1,-1,0,3,0,0,4,1,1,1,0,0,0,2,3,0,-6,9,-14,-12,5,13,12,11,5,6,-4,-1,-6,0,7,7,0,-3,-3,0,4,7,3,-1,2,0,3,3,0,-1,2,2,2,1,0,0,2,2,2,0,-6,11,-10,-8,2,8,10,9,10,9,-2,-1,-2,-1,2,5,-1,1,2,-2,-2,3,5,0,0,0,2,1,-2,-2,-2,0,0,-1,-1,0,-1,0,1,0,-4,8,-14,-4,4,13,13,5,5,9,8,2,-1,0,2,0,6,3,1,2,2,-1,-2,-3,2,3,0,1,0,-4,-3,1,3,0,0,-2,0,0,0,0,0,13,-10,-5,2,12,7,8,6,4,6,3,0,-4,-1,0,1,4,3,0,-1,-2,0,0,3,2,0,0,-2,1,0,1,1,0,1,0,0,1,0,0,-4,12,-14,-10,-1,8,4,2,4,1,5,0,-5,-4,0,-1,0,3,1,1,-3,3,0,-1,4,5,8,5,0,1,2,3,4,1,-2,1,0,-1,1,0,-2,13,-17,-6,7,11,9,9,4,-3,-1,0,-1,-3,-2,4,1,0,0,-2,-2,1,4,3,-1,-2,2,2,0,2,0,1,-1,0,0,-2,2,1,-1,0,-3,13,-9,-10,1,12,14,7,10,3,0,-2,0,-3,-6,-1,4,2,-1,-1,-1,0,3,5,2,-2,0,1,0,1,-1,-1,0,0,0,0,-1,3,0,0,-4,11,-12,-6,2,14,14,6,7,6,4,0,-3,-4,-4,-3,-2,-1,1,-3,1,-1,-1,1,0,1,2,3,-2,-1,2,1,0,1,1,0,0,0,0,0,-4,9,-11,-6,3,13,7,3,2,1,-2,-7,-1,0,-2,0,1,0,-4,-7,-2,2,-3,-2,-4,0,4,2,0,2,1,1,0,-2,-3,1,2,0,-2,0,0,17,-11,-2,12,12,4,6,0,4,0,0,3,2,-1,3,1,-3,-1,-5,-1,4,6,3,0,0,2,1,-1,0,2,4,1,-2,-2,-1,0,2,1,0,-4,11,-5,-2,7,10,5,4,0,4,6,5,2,2,1,6,6,2,-2,-1,-4,2,7,1,2,-1,0,0,-1,0,3,3,1,0,0,0,2,0,0,0,0,7,-14,-10,7,9,-4,-2,0,-2,-6,-6,-3,-1,-2,0,-2,-2,-2,-8,-3,3,2,0,0,-3,-1,1,1,1,1,-1,-3,-2,-2,0,0,0,0,0,1,8,-11,-4,1,8,7,5,-1,2,1,-1,4,3,0,2,5,1,1,2,0,3,6,3,-2,0,3,2,2,0,1,0,-1,-2,-1,2,0,0,0,0,0,14,-12,-5,4,8,9,-2,-1,5,-5,-1,1,4,2,3,0,1,0,-2,-2,6,2,1,-1,-1,0,3,4,3,0,-1,0,0,-1,0,1,1,-1,0,-4,15,-9,-7,4,8,6,5,9,5,-4,-4,1,7,5,5,0,0,2,2,-2,0,1,-3,-2,1,-2,1,0,2,2,0,-1,0,0,0,4,4,2,0,-3,10,-20,-10,0,11,10,5,4,1,0,-3,-3,-3,2,0,-1,-2,-1,0,1,3,2,4,-2,-3,1,0,-1,0,-1,0,0,-3,-1,-3,1,0,0,0,-3,15,-10,-8,0,6,6,6,8,5,-2,-5,-7,-6,1,0,1,0,3,3,-5,2,5,0,-2,0,2,3,1,0,0,1,1,1,0,1,2,0,0,0,-2,19,-8,-8,3,11,3,4,10,4,0,-3,-2,-1,0,4,0,-1,-3,-2,-1,1,2,0,1,4,3,1,2,-1,-1,1,0,0,0,0,0,0,1,0,-8,16,-7,-5,-2,5,11,15,7,2,-4,-7,-2,1,3,6,6,2,0,-2,-3,0,-1,-4,-2,3,4,5,3,0,2,2,1,0,-1,0,1,2,0,0,-7,12,-4,-6,1,7,5,3,7,2,0,-1,-1,0,2,5,4,3,0,2,3,4,2,-2,-3,1,1,5,0,-2,0,0,1,0,0,-1,-2,0,0,0,-2,19,-9,0,5,10,2,0,1,1,4,3,0,-5,-4,0,4,0,-2,-3,-3,1,0,0,2,2,0,2,0,-1,1,3,0,0,0,-2,0,0,0,0,-6,17,-8,3,7,13,10,4,6,7,1,1,2,1,1,-3,0,-1,-4,-1,5,6,3,-1,-1,1,1,1,0,0,1,2,0,1,0,-1,0,0,1,0,-7,16,-6,0,8,15,4,9,4,5,2,1,-2,2,4,3,2,6,5,-2,0,5,1,1,1,1,3,2,0,-2,-2,1,3,1,-1,0,0,-1,0,0,-10,19,-5,-7,0,4,4,7,7,10,3,6,3,-2,-1,0,1,0,-4,-4,-2,1,3,0,1,3,6,9,2,0,-4,0,4,2,0,0,0,-1,-1,0,-12,12,-9,-7,1,2,3,2,4,1,-1,0,0,0,-1,-1,-1,1,0,-3,0,2,0,-1,-4,0,0,1,2,2,-2,-1,0,3,2,0,2,0,1,0,-16,15,-2,-5,8,6,4,7,8,5,-1,1,0,-3,-1,1,4,-1,0,-3,-1,3,4,0,-2,-1,0,0,-1,1,-3,0,0,2,2,2,1,3,2,0,-18,13,-12,-7,2,4,3,0,2,0,-5,0,-2,-1,2,4,4,4,4,2,2,1,0,0,3,4,2,5,7,5,0,4,3,4,3,4,3,1,0,0,-16,14,3,3,6,4,2,6,9,7,-1,-2,1,0,1,6,2,-1,-2,0,-1,-2,-2,-4,-1,4,4,2,0,0,0,-1,-2,-2,0,1,1,2,1,0,-15,13,-1,-8,0,11,11,11,8,10,0,-5,-1,0,3,2,6,0,-1,-3,-1,0,-3,-5,-8,-1,0,3,0,0,2,0,0,1,1,0,0,0,0,0,-16,14,-8,-6,0,3,7,6,3,9,6,6,6,2,6,7,2,3,2,-4,-2,0,0,-2,0,-1,3,1,-2,-2,-4,-3,0,1,0,0,0,0,1,0,-13,15,-2,-1,9,6,11,7,2,2,4,7,4,1,2,1,1,7,3,1,0,-1,-3,-2,-3,1,1,0,1,0,0,-2,-2,-1,0,0,1,0,1,0,-8,16,2,1,6,4,7,6,5,6,3,4,1,4,1,0,-6,0,1,-3,-4,-4,-1,0,1,3,0,-1,-3,0,0,0,-2,-1,0,2,1,0,-2,0,-8,18,0,6,6,7,8,5,5,6,4,2,2,-1,4,5,3,3,2,-4,-4,0,0,0,2,0,1,1,0,0,-2,0,-3,-1,0,1,-3,-1,1,0,-9,18,-2,1,10,9,2,7,7,4,4,2,2,6,6,0,-2,2,0,0,2,4,-1,0,0,-1,0,4,3,0,-1,0,1,0,1,1,0,2,1,0,-22,22,-3,0,5,8,11,9,6,9,-1,1,-1,-1,-2,-2,-5,-2,-10,-1,0,1,0,0,-1,0,2,3,2,0,1,0,0,0,0,-1,-1,0,-2,0,-20,18,-5,1,8,2,4,3,3,6,2,5,7,7,1,2,-2,0,2,3,2,3,-1,-1,-2,0,3,1,2,2,-2,-6,0,0,-3,-1,-1,0,4,0,-18,15,-5,-1,5,8,7,4,8,11,0,-3,1,2,0,4,3,1,5,1,0,1,-2,-5,-6,-1,1,1,-2,3,3,0,1,1,1,-1,0,1,2,0,-18,10,-10,-10,-3,0,4,2,1,6,0,2,2,-1,2,2,-2,-1,-4,-4,3,1,-2,-3,-2,3,4,-1,-3,-1,2,3,-2,-4,0,2,2,0,0,0,-10,17,-6,-8,8,7,10,6,9,2,3,4,5,3,1,4,3,6,6,0,1,3,0,-3,-4,-3,0,0,-5,-5,0,-2,-1,-1,-3,0,-2,-5,-3,0,-8,13,-2,6,16,17,11,5,5,6,4,-1,5,9,2,6,0,2,0,-2,-1,2,-1,0,-4,-1,0,0,3,1,2,0,1,1,0,0,0,0,-1,0,-7,17,-4,0,11,8,0,1,9,15,6,-2,1,2,-1,3,2,1,0,-1,0,5,4,0,0,4,4,2,3,0,1,2,0,2,3,2,0,0,0,0,-12,15,3,7,13,16,4,-4,5,4,1,2,5,3,-3,0,0,0,0,-2,-1,-1,0,0,0,4,6,1,0,-2,1,0,0,-2,-3,0,0,-2,-4,0,-5,16,-6,-2,13,13,4,4,10,14,8,3,7,10,1,-1,1,1,0,0,-3,2,3,0,0,0,0,2,-1,0,0,0,-1,-4,0,3,-2,-1,-1,0,-4,10,-5,6,12,10,9,8,10,8,5,2,6,6,0,0,6,7,2,-3,-1,0,0,-3,-5,1,0,0,-1,0,0,1,4,2,0,1,0,-2,-2,0,-10,7,-1,7,10,9,10,8,9,9,-1,-1,0,2,3,0,4,5,-1,-1,-2,5,8,1,0,5,6,8,3,2,3,0,1,3,1,0,0,0,-1,0,-10,9,-4,5,4,6,8,10,2,0,0,-4,1,5,2,-1,4,2,-2,0,-2,-1,3,-3,-3,0,0,2,0,0,0,2,3,2,0,0,1,1,0,0,-7,14,-4,2,8,3,6,5,7,6,1,-1,6,8,6,-1,-3,1,0,-4,0,3,5,0,0,-1,2,4,0,-4,-1,1,0,-3,-3,-1,-1,1,2,0,-8,20,2,9,8,9,5,5,10,12,7,0,1,1,0,-2,2,0,-1,-1,-5,2,5,2,0,0,2,3,0,0,0,1,1,-3,-2,-3,-4,-3,-2,0,-10,11,0,7,13,16,12,8,12,9,0,0,7,8,5,2,3,-2,-5,-4,3,0,0,-2,-2,-3,0,0,-1,-3,0,0,2,0,4,4,1,3,0,0,-1,25,-1,0,6,7,1,5,9,11,3,0,3,4,3,0,1,1,2,0,0,4,4,1,-1,1,3,0,0,-1,-2,2,3,0,0,1,0,0,0,0,-6,15,3,12,13,11,7,7,4,5,3,5,8,6,5,2,-3,-1,-1,0,0,0,0,0,1,0,5,3,-1,-2,0,0,0,0,0,-1,0,0,0,0,-4,16,2,8,12,16,11,6,5,5,4,-1,0,6,6,-2,-4,0,-1,1,0,0,2,0,-1,0,2,0,0,-1,-4,0,1,0,2,2,0,-2,0,0,-10,14,-2,3,6,6,4,9,11,10,8,4,-2,3,3,1,1,3,0,0,2,0,1,1,0,0,0,-1,-2,-1,-2,-1,-1,0,0,0,0,0,2,0,-5,22,0,0,7,12,6,10,7,12,5,4,4,3,1,0,3,1,0,3,-1,0,0,-2,-2,0,2,0,0,3,1,0,0,0,0,0,0,-1,0,0,0,25,0,2,7,8,9,6,4,5,4,3,0,2,0,2,-2,-5,-1,-2,1,3,-2,-1,0,0,1,3,2,0,-3,0,-1,-1,0,0,1,2,1,0,0,24,9,11,12,14,4,2,3,2,1,2,5,6,2,0,-8,-5,-2,3,1,4,-1,-1,0,-2,0,2,-2,-2,-1,1,0,-1,-3,-1,5,0,-2,0,-11,16,1,1,8,10,11,5,0,3,7,4,7,11,6,8,2,0,0,0,3,4,0,0,4,5,6,3,0,4,6,6,2,1,1,4,2,2,0,0,-10,21,2,6,4,3,4,0,9,9,5,1,2,0,-1,-2,0,-2,-4,1,0,0,0,0,-1,8,6,4,1,2,2,1,0,0,2,1,-1,2,1,0,-5,18,-3,7,12,6,8,5,3,5,1,0,0,-3,-5,-4,0,2,4,1,0,0,0,0,-2,0,0,3,5,3,1,-1,-1,0,1,0,2,0,2,0,-6,21,1,0,10,12,7,10,10,4,2,8,7,5,4,0,-3,1,-1,-3,0,4,0,-5,0,-2,2,4,0,0,0,0,0,2,0,-2,-4,0,-1,0,-12,24,5,8,9,12,13,8,5,6,2,6,3,8,1,0,0,3,0,-3,-3,0,-4,0,2,1,2,2,0,0,4,-4,-5,0,1,2,2,0,0,0,-12,12,-7,1,4,8,2,1,1,2,0,0,1,3,1,-2,0,2,3,3,6,8,5,3,5,9,10,8,3,3,3,7,4,6,7,4,-1,0,0,0,0,18,-2,-1,6,6,5,3,3,7,2,4,0,4,3,2,0,-6,-2,1,-3,2,0,-3,-2,3,0,-1,2,0,0,-2,-1,-1,2,1,0,1,0,0,-5,12,-7,-2,9,9,4,2,-2,0,0,2,8,7,1,-3,0,-3,-6,0,2,2,2,1,0,0,3,0,0,2,0,-1,0,-1,0,3,-3,0,0,0,-6,16,1,6,10,14,1,-1,3,5,5,0,0,-4,-3,2,0,0,0,3,1,3,1,0,-3,0,-2,-1,0,0,1,2,-1,-1,0,1,1,0,0,0,-4,15,-9,-2,1,11,8,4,6,2,1,1,-2,1,5,3,5,5,3,4,3,2,5,1,3,7,1,3,2,5,4,2,4,3,0,1,2,-1,-1,0,-5,18,-2,5,6,5,2,6,8,0,-3,-3,4,3,-1,3,5,6,1,2,4,0,2,0,1,3,5,5,0,0,2,0,0,3,1,0,0,1,-1,0,-11,10,-3,6,4,10,9,7,1,3,4,3,7,4,0,2,0,0,-1,0,0,0,0,-3,-3,1,4,5,1,-4,0,-2,-4,-2,-2,-1,-1,-1,-2,0,-4,15,-9,-3,11,13,11,5,5,12,6,5,4,2,-1,0,2,1,0,-1,-1,0,0,0,-1,3,4,2,-1,-1,-1,1,0,-1,1,3,0,-1,1,0,-8,13,-2,0,7,14,6,-1,2,10,-2,0,2,4,0,-4,-1,0,-4,-5,2,5,4,1,-3,1,1,4,3,2,-4,-4,-4,-3,0,-2,0,-1,0,0,-7,21,1,4,6,7,3,4,6,9,4,2,1,2,-1,3,2,-3,-5,-1,2,0,1,-1,0,2,0,1,2,2,4,-1,-2,0,0,0,-1,0,3,0,-13,17,-6,0,4,3,0,-2,2,0,-5,-5,-1,0,-1,0,1,-2,6,0,-1,-1,0,-2,3,1,0,1,-1,-2,3,3,3,4,4,1,0,-1,0,0,-12,16,0,6,5,9,4,4,6,9,0,-4,-4,0,-2,-1,-4,-5,0,-1,1,2,3,2,3,1,1,7,5,0,1,0,-2,0,-2,-2,0,0,0,0,-2,25,3,7,-2,7,6,3,9,5,3,8,7,4,0,0,-1,-7,0,1,-1,-3,2,2,3,5,5,1,-2,1,4,-1,-3,-3,0,-1,-3,-4,-3,0,4,27,4,5,7,7,2,0,2,7,1,2,1,0,2,0,0,3,4,0,1,-2,1,0,0,3,0,1,-2,0,0,0,0,2,1,0,-1,-5,-2,0,-1,24,-1,4,6,9,2,0,5,5,0,0,0,1,-2,-8,-2,1,-4,1,1,0,1,0,4,3,-1,-1,-2,-1,0,-1,-2,0,0,0,-1,-2,-2,0,3,19,-2,-3,4,9,5,0,1,3,3,1,-2,2,6,7,7,2,0,0,0,4,0,0,-2,4,1,0,-3,-2,0,-2,-1,0,0,1,1,0,-1,0,-6,14,-5,5,11,13,8,5,5,4,-5,0,4,3,5,-3,-2,0,0,-1,-1,1,-1,-5,-4,-2,0,1,3,0,-2,0,4,0,1,1,2,0,0,0,-1,17,-5,4,10,12,2,1,11,12,-4,-3,1,8,1,-3,-2,3,2,0,0,3,1,-1,-4,-1,4,3,-1,-1,-3,0,1,0,0,0,0,0,1,0,-9,10,1,7,11,13,5,2,8,7,-2,-4,0,7,-2,-8,-3,2,3,3,2,4,7,1,-3,0,2,4,3,-2,0,1,5,1,0,0,1,1,1,0,-4,13,-4,7,11,15,5,11,8,5,1,-2,1,0,0,-4,-1,3,0,-1,1,1,0,-1,0,4,1,3,4,0,0,3,2,0,2,3,1,1,2,0,-1,14,-2,9,11,11,10,6,10,6,2,1,1,4,-3,-7,-4,0,2,1,0,2,2,0,-1,0,6,6,4,1,1,0,-1,-2,-1,-2,-3,0,-4,0,-7,16,4,11,11,11,5,9,13,15,5,-2,2,3,0,-1,2,0,-1,-4,-2,0,1,1,-1,-2,1,7,3,-1,-2,0,1,0,1,-1,-1,0,-1,0,1,21,4,9,8,8,8,4,6,7,2,-4,-2,4,4,3,2,2,0,0,2,3,-2,0,1,2,3,4,0,-1,1,1,0,2,2,2,-1,-1,-1,0,-1,16,2,8,6,9,9,1,0,9,6,0,6,5,4,3,-2,0,-1,-1,1,1,1,-3,-4,0,2,0,-1,0,1,0,-1,-1,-2,0,0,0,0,0,-4,17,-2,8,12,9,4,2,3,5,6,6,4,5,8,-1,2,7,7,7,1,0,0,1,-1,-3,0,4,-1,-5,0,-5,-3,-1,-3,0,0,-1,-1,0,-6,15,2,6,6,8,7,8,10,9,6,5,11,10,2,0,1,-1,-1,-1,6,6,3,0,1,-2,1,1,0,-3,-1,0,3,3,0,0,0,-1,-1,0,-11,18,5,9,8,6,3,9,10,11,5,-1,6,6,3,6,0,0,-3,0,0,4,4,0,0,0,3,5,0,3,1,-1,0,0,0,0,1,1,3,0,-13,21,3,0,13,9,9,3,8,10,3,2,4,4,-1,-1,1,0,-5,-1,0,0,0,0,0,1,3,4,4,1,1,3,2,1,1,2,0,1,0,0,-14,17,-1,0,7,6,11,4,8,15,3,-1,5,1,-8,-2,2,2,0,0,0,3,3,0,0,0,0,2,0,2,1,-1,-1,0,0,2,-3,-2,0,0,-13,13,-2,2,8,11,9,8,7,11,2,2,5,7,3,6,5,4,3,1,4,2,2,0,0,3,3,-4,-5,-4,-3,-1,0,0,-3,1,-1,-3,1,0,-11,12,-3,2,10,9,4,6,5,6,5,5,3,0,1,3,0,0,0,0,3,7,5,0,0,3,5,2,2,3,1,-1,0,0,-2,0,-2,-3,-1,0,-12,16,0,0,11,13,13,14,12,8,4,3,5,0,-3,-2,1,-3,0,0,3,3,0,-4,-4,-2,2,3,-2,0,1,1,1,1,2,0,0,0,0,0,-6,11,-4,0,6,12,7,5,10,10,9,2,5,6,4,0,2,3,2,0,4,3,0,-2,0,3,2,4,0,-5,-1,0,0,0,-2,-1,1,0,0,0,-1,11,-1,1,5,12,7,2,4,3,1,0,2,-2,-2,1,1,0,2,2,0,4,1,1,-1,1,3,5,0,2,0,1,1,0,-1,1,-1,0,0